,Adagrad,CloseForm,GD
0,25.49937441068017,25.326107451023187,24.531581442626777
1,64.51552074427214,63.51525145568253,61.86187596596848
2,19.10596796687434,18.896888053565522,22.1534802736077
3,28.864264114486033,29.199515022047496,29.191094662630466
4,9.304040867406329,9.207688920190408,9.790288467218481
5,31.64039739941095,33.51912721011289,26.184156116083898
6,41.30193444274282,40.97787341239576,41.21489645990422
7,16.848547396014965,18.185739813857282,16.771014460076394
8,51.533946027220225,52.6845178975111,51.18642793066196
9,32.729078868846955,32.3061451181993,29.943902176875095
10,37.909730274205344,38.44218823774146,37.86007169689085
11,58.80247044433599,58.998258793300685,55.11272140963907
12,35.42395927373966,35.42465247271846,37.34244715856107
13,40.010670762033385,41.680322958892546,32.02896049543889
14,28.275319850533673,26.426910675067525,29.882046142057387
15,12.197927649783727,12.980885070517722,11.34005372603784
16,51.37015707344078,52.01287852434611,53.59862469616062
17,23.114573082375028,23.946533475692323,21.489042117075737
18,16.595097773496835,18.303774978779018,13.529534632748609
19,18.21172571856488,19.351958585640457,15.223443126253278
20,15.532184894816996,15.89627554469933,17.769974600369075
21,30.14434159583023,31.43633545117276,30.391106782399127
22,39.51971707896077,39.251822441671514,38.944816413880986
23,10.137273628925174,11.178214618677233,12.426781979612521
24,61.19445429296124,61.22125440150224,61.06560120397612
25,46.2592498765976,45.76804693892819,43.72896079608539
26,27.260051235738953,29.005504525366455,24.87760890557258
27,7.292340549441881,6.109105850043361,8.303108128182567
28,29.39901742351576,28.622205904170144,29.713881165214637
29,35.79649677596568,37.31298259590448,34.737504347068224
30,18.032745930124523,18.318071989477822,14.375608463630288
31,11.571883230684435,11.245570944630652,10.673144831573557
32,16.730384210727074,16.454661145980722,14.908471154411853
33,7.677185813897934,7.675719748383506,8.107396413302288
34,16.09360362602952,14.985189018622544,16.021045533922827
35,42.847003583019124,41.85149665111176,43.79706805851376
36,22.23328569455562,21.800742295206113,23.603370235474685
37,27.605429228193863,27.612506223802708,28.22457598416449
38,10.12769949703867,3.7182528711671354,12.281137129892775
39,57.7363004170647,59.53622690715061,57.21169644988564
40,46.92300570529877,48.13531937463486,43.93308784610222
41,20.06455381172301,20.289611230867298,24.42855437558082
42,53.2119964750751,52.572844658345254,51.58544933973216
43,18.472813136492736,19.195920738246308,19.187184482775493
44,44.293635715520765,45.30944055393088,40.72797789998724
45,49.92935299753307,48.547395445791494,51.08019771293848
46,57.89181226442678,57.33710228501197,58.12516973538198
47,40.93237937593328,41.625267595307584,41.30452968108971
48,55.16779218676339,55.72370167212557,50.58554067202991
49,39.48412343771378,39.79387376875822,34.64202799610225
50,30.65312073384034,30.769438803062627,31.39463260450685
51,23.59411968962034,23.653573319380513,21.170484461608545
52,40.51033258023435,38.85526309183369,44.241218454436805
53,24.499457193799373,23.221006022573274,24.643068280179808
54,37.01981368902663,37.27481423915041,34.457542782919965
55,38.56051661802656,38.64425561792183,39.280423115511105
56,24.52892229533627,25.578717240266876,24.228101392661745
57,21.34828701161962,22.08590040395117,20.675230573208296
58,35.6198467006272,35.47174022036374,37.77831905586281
59,32.69363445478984,31.735776833623397,35.1184297031542
60,12.576173201519195,13.279837329915225,10.258166938532488
61,22.943340599153583,21.683639518992695,30.62791322697589
62,31.792318213786864,32.36908570771428,30.82608713637481
63,53.05030451183569,53.71073999922864,46.57974830988983
64,50.06665763132065,51.092766855422326,48.22967841274506
65,26.02357070841591,26.01921478412324,26.711764394876536
66,38.18888752428873,38.16536867702268,36.983818327511116
67,52.23467786441857,53.265094488134224,51.5489531614868
68,29.18141311796888,29.02394054545016,27.48735705669455
69,39.12952097299275,40.304146821392976,39.59850357210804
70,64.94987335043812,64.53252753097367,62.25780932202083
71,55.44197435485381,55.56112979829367,57.3775199886189
72,42.442072632590694,41.823237275596625,39.69860881197795
73,14.210013072720056,14.121209769160005,15.186953629819703
74,13.954042618412203,13.855161099885004,12.998953562634206
75,35.494541355141095,36.1994009581082,34.69747294366139
76,62.978713286063474,62.891526175372746,62.51563822451063
77,2.2232813855983,2.6185294778833836,3.174793285906229
78,41.71291093282403,40.73867956055085,43.442764299510046
79,41.90090450291974,42.36542626250551,41.61470814840382
80,8.705968766530978,7.790770053242737,8.767674489354985
81,21.81455643065793,22.762187089734923,20.312926830154375
82,5.936044857560319,5.38538011463702,6.111368275978619
83,31.34558778184078,30.42501668333669,32.95456143989766
84,8.534268792865648,8.692695232290882,5.983054344148563
85,4.981459211734365,5.5826937718179295,6.534560848989145
86,16.848154672987544,16.83620857379128,17.179442487991253
87,11.602694755607448,10.354495554008418,11.777174518518784
88,18.899110387778613,20.46661841328935,18.678879517659755
89,23.17549628917782,25.572634915697538,20.98700688845273
90,35.253337449136694,35.295391199261445,35.21494568440306
91,12.318681833498875,11.690156177413483,11.500075868546448
92,11.950280528275023,12.570565622551728,12.776638407919926
93,9.840024841650033,9.253411963360561,12.067807509010109
94,37.594121429040676,37.32441092042568,34.77151331399551
95,15.284417275994302,15.130503948604415,15.074689394095985
96,17.120018524213638,16.460952301750975,15.15840656185221
97,9.192430131916877,9.224896585876905,8.500035190599151
98,10.799897948233825,12.010281855750602,10.16065022366999
99,4.559580784660108,4.875785811799075,9.496840929793958
100,10.352819121655683,9.699171625317272,9.063063487301502
101,18.6537340630113,17.978897738511698,20.64989667945646
102,11.714453879738612,12.395114691504302,9.456345557806749
103,8.833915577423863,7.855710893329032,10.722704688687148
104,12.659893082429813,12.955886894469325,13.63889785036666
105,36.84289925764688,36.27783758808523,33.20603659274584
106,24.151327322592056,26.598197229399098,21.29717362652803
107,7.97178459805636,7.424445872715153,9.386762540924753
108,16.855663063417865,16.88937740463696,21.39587414098712
109,15.527767043712325,14.922794763981114,17.728045516133758
110,11.587979576197723,12.245867105815277,9.872800144342678
111,15.546760675808805,17.185606663146245,12.49340327551909
112,16.531523454643533,16.10550385469402,15.940258777196592
113,25.448592975537007,26.64777782368143,20.835966632033692
114,19.587053042819324,18.966194761500713,20.4540062038012
115,15.978706847682979,16.51679023076076,16.748342903061403
116,7.5750699471754395,6.094668917902169,11.305310519663884
117,44.96803596002832,46.40366176596689,39.25896772452374
118,26.06140301401944,26.99691497291532,23.22168374263966
119,0.6203382507015588,0.5186296867265447,2.913272089837722
120,-0.09754582672390266,-0.9908505136058565,1.387634200898516
121,10.326477658690806,9.34441885590074,10.006221547199722
122,12.52487788321852,12.776762949765693,11.434726498852056
123,12.257945680632972,13.007828896567968,10.488944357697727
124,7.441338094987473,7.776066551917512,7.308220107316848
125,25.046483175230964,24.9088272353309,23.989460196382318
126,22.718230431351678,20.70137618480546,24.339440782778773
127,9.528699669568612,10.129030701591624,8.64350303169873
128,20.055582952623418,20.750414220249674,17.273789173294112
129,13.708567694945454,14.097247524916979,14.025720192707494
130,-0.4640294923666358,-0.364028859478418,2.4420260574870523
131,32.355964485642794,33.11194220653567,29.664651313359634
132,14.881047555504932,14.20127253423047,17.430566195264262
133,21.261374990442064,20.424780818360478,28.420884195704293
134,26.63951573708917,26.19447250419476,27.67869673991602
135,24.747949082781663,23.873484189964792,24.77694048982361
136,9.808289332392137,9.966753376071171,11.450486254423968
137,22.03660338436357,21.004447999908876,24.284769027237758
138,78.68900347276146,78.5727906296086,74.6316521533759
139,61.60179532394483,60.03235321721097,66.48900038422904
140,26.9513255930191,27.133899907408694,31.331072180754923
141,18.810696745216443,18.211999070065676,17.897074239702814
142,24.514153366128653,24.64471293024659,22.356837188968687
143,7.359474772581636,7.219415883427926,6.933690989983684
144,13.307301204483458,11.735468814924669,16.037530525711965
145,9.752010301922642,10.069360314078288,10.430281641526916
146,19.382224543280437,19.625038579280556,17.807464203027855
147,7.4100182431836865,8.198466310924658,8.134945991278427
148,12.740685132970286,12.86222573688876,10.602522699066956
149,15.966867343767515,15.465055039800994,14.57277844799308
150,46.32837144702519,46.32951253682681,38.962319699905315
151,20.53262262964118,21.88920023413548,15.98496076620544
152,22.03548615814568,22.04312015361842,21.359409500761373
153,14.360762795818866,14.928799909459332,11.942523544344075
154,13.941481423124358,13.962872376982121,17.434900336825557
155,23.72770392837933,25.159576956308136,25.838452588288312
156,24.924860950716266,25.58093843924979,20.054144528455197
157,36.98254125960153,36.157218716177574,35.345175009438364
158,3.737844503344009,4.586953360125765,6.057381493896364
159,23.012601479936603,23.34882352100168,20.022290344538362
160,42.13209087086974,42.27474789278348,42.02808082943089
161,19.279827943460038,19.628013958452847,17.910563525332456
162,62.156363969635066,64.28685483788747,57.659454106374135
163,16.806802589824308,17.12506896402617,14.913241698297776
164,33.81598885492775,33.74071607316018,32.208542194605556
165,24.41811683043309,23.268542778542336,26.264797560928898
166,22.468297318987673,24.441169723368272,22.65431714549285
167,0.36877747299503866,0.14893924619138343,1.002069508447132
168,68.00362529042046,66.65302870594739,66.83598414710895
169,15.986709293687234,14.959395484153143,16.872323884638092
170,15.813184037389465,15.911392311296943,15.035826896436767
171,70.6418554036067,68.53504880869568,67.8310465255993
172,20.76008653806953,20.363814011342964,18.88384967880712
173,2.009107692145928,1.7041339266697693,4.336121457323069
174,23.85951586388916,24.46054004188926,26.941665550777216
175,-0.1991781391561981,-0.5008017497387258,2.0937486836480295
176,8.209385411506519,7.345329326400774,9.388747351902483
177,18.22905102716731,18.47037734705456,18.434260104663405
178,21.988388608799482,19.764236984741082,22.260480822743407
179,24.90734012328007,25.050489344023998,20.28987867301904
180,43.00624569017563,43.33900852332569,40.81725570252843
181,33.148882855961446,31.474928907429845,36.15911672861587
182,29.62573935211565,27.591894144550828,33.82343146654719
183,14.09191857558969,12.567961329172563,16.70887017585418
184,7.440269205854082,6.3856029479358245,5.706014374391044
185,42.10434726369686,41.90579855384279,40.50466939310126
186,36.09552975969453,35.92612060808051,32.5170044125509
187,34.07306325492439,34.984574266255834,32.99134417938938
188,16.18797565535048,17.456575674348457,13.457308672799096
189,24.067167165176073,23.322205545251506,23.927002119321262
190,14.333896892638537,14.695874147448846,14.334426678214525
191,15.388466557769005,16.25499268705753,14.874161361184624
192,30.44728664636541,31.26861037177506,27.298092035169713
193,73.0287385432725,62.092183727357934,76.29506243004059
194,30.64321628172288,29.050381131945723,35.187785763689156
195,10.847685981455585,10.4485328979518,11.41432786198799
196,62.77102356464685,63.608560555301544,61.64643879925259
197,16.798650632194047,15.712118046008554,18.866574624756748
198,20.098718693433828,20.322352063759624,18.296912558098818
199,20.91564186543773,21.007582041603662,21.321981293176307
200,123.67204039640076,124.13452800913805,115.59045499497506
201,22.84326568035914,23.495809453035413,22.461323833174852
202,58.38502004124271,58.68774874352372,58.20729660227458
203,4.947787625092439,6.509798108573731,6.125713422806632
204,59.82507794431152,60.348643124592904,57.595038648447606
205,35.33903053143213,37.266504371824304,30.190123369704217
206,14.831931194839735,15.190952753332711,11.83078385629743
207,14.388607629395171,14.256272540083364,17.91981132528653
208,61.55658427693987,63.26226828638461,58.897570019890296
209,14.14119747772656,14.512677020675804,17.88834138890498
210,37.325389141223674,36.101708730887665,41.99002957136105
211,68.53920629538753,69.05427763849153,66.58372503446076
212,18.786495341451104,19.064826387380908,21.668964201742014
213,113.62907498127612,113.31379965204783,116.03224046378584
214,40.71314367283514,41.42999472694,39.45882293007041
215,76.8104882987283,78.60465896311555,73.68111636038054
216,91.74828723419873,92.51415471469959,83.28285681959869
217,71.19738087294762,72.35041747170888,69.24306209361431
218,29.82982865654066,30.78368788715044,37.427691502153934
219,19.907599695213953,18.646682784302982,26.46275688042315
220,30.637563027744513,29.634447830602735,30.483488644027627
221,57.26053842610469,57.806636161967084,57.44312098559626
222,26.516453963737096,27.9718323272175,24.235811923256126
223,38.318155457287254,38.303367429796666,36.555922004285684
224,42.81077690975276,43.82908732382876,44.63228194958564
225,10.079004662976981,10.487205727612022,9.363019201288479
226,5.42600766559892,3.368852901202854,6.226688353042274
227,81.17949009367982,80.49680179190572,76.99881697873934
228,30.200712853016025,31.266917211499376,27.269328856394736
229,1.537024971013511,0.9305264857783018,3.041221419630527
230,40.43583132259528,41.15268450177052,39.30566833090489
231,15.386594056961522,16.419957255610125,12.56810649267043
232,22.055492369217713,21.99510038391196,21.736395659468563
233,7.403197812305416,8.191950353387096,6.096999008592713
234,15.092978651641706,14.30629770155265,17.160897769908093
235,25.420561739117087,25.442068307951665,21.985141554255534
236,13.928641348739033,13.751781108020785,15.407562964081503
237,3.0302654322163,2.5685008035154313,4.455242237514153
238,22.14309652103917,22.011373414879234,26.014031467859063
239,12.569769312865963,11.157017133145512,13.599694569706477
